1764090298975 2.15476655960083 0
1764090331434 1.8106766505674883 1
1764090363813 1.6351009607315063 2
1764090376661 1.454636736349626 3
1764090388482 1.366057731888511 4
1764090415618 1.2734839699485085 5
1764090437623 1.210453369400718 6
1764090444664 1.1525205265391956 7
1764090461601 1.1114334897561506 8
1764090477876 1.0300717895681208 9
1764090495006 0.9564074982296337 10
1764090511839 1.032070447098125 11
1764090527796 0.91922311891209 12
1764090534246 0.9138558452779596 13
1764090540623 0.8608422387729991 14
1764090555022 0.892391091043299 15
1764090561523 0.8274132609367371 16
1764090568031 0.8126571720296686 17
1764090574760 0.7880987633358348 18
1764090581404 0.7537513862956654 19
1764090588035 0.7021104530854658 20
1764090588043 0.8608422387729991 21
