1764090298975 20.977011494252874 0
1764090331434 33.04597701149425 1
1764090363813 38.9367816091954 2
1764090376661 43.10344827586207 3
1764090388482 46.264367816091955 4
1764090415618 50.7183908045977 5
1764090437623 53.01724137931034 6
1764090444664 54.166666666666664 7
1764090461601 57.47126436781609 8
1764090477876 61.35057471264368 9
1764090495006 64.08045977011494 10
1764090511839 62.21264367816092 11
1764090527796 64.08045977011494 12
1764090534246 63.9367816091954 13
1764090540623 66.66666666666667 14
1764090555022 66.8103448275862 15
1764090561523 67.24137931034483 16
1764090568031 66.52298850574712 17
1764090574760 70.40229885057471 18
1764090581404 69.97126436781609 19
1764090588035 72.98850574712644 20
1764090588043 66.66666666666667 21
