1764032079749 2.0741398226131094 0
1764032097559 1.7696406516161831 1
1764032113608 1.5043078769337048 2
1764032129246 1.3659842772917314 3
1764032145337 1.2400781999934802 4
1764032162332 1.0863719311627476 5
1764032169029 1.0578032623637805 6
1764032175680 1.020715063268488 7
1764032192394 0.9417610276829113 8
1764032199771 0.9191631945696744 9
1764032217243 0.8206843950531699 10
1764032234302 0.7557522546161305 11
1764032250659 0.7156351398337971 12
1764032257728 0.6930820345878601 13
1764032264550 0.6768322261897001 14
1764032271842 0.6453294835307382 15
1764032288411 0.6394390301270918 16
1764032295249 0.5695680677890778 17
1764032311580 0.5439401214773004 18
1764032318906 0.5064051638950001 19
1764032325806 0.4821332178332589 20
1764032333009 0.47716654430736194 21
1764032340066 0.49177446961402893 22
1764032347202 0.4753681475465948 23
1764032347212 0.5695680677890778 24
