1764032079749 25.43103448275862 0
1764032097559 35.48850574712644 1
1764032113608 43.53448275862069 2
1764032129246 48.132183908045974 3
1764032145337 52.1551724137931 4
1764032162332 59.48275862068966 5
1764032169029 60.05747126436781 6
1764032175680 62.64367816091954 7
1764032192394 63.64942528735632 8
1764032199771 64.65517241379311 9
1764032217243 69.54022988505747 10
1764032234302 71.83908045977012 11
1764032250659 75.28735632183908 12
1764032257728 75.7183908045977 13
1764032264550 74.13793103448276 14
1764032271842 75.0 15
1764032288411 75.57471264367815 16
1764032295249 79.59770114942529 17
1764032311580 81.32183908045977 18
1764032318906 82.183908045977 19
1764032325806 84.77011494252874 20
1764032333009 83.76436781609195 21
1764032340066 82.90229885057471 22
1764032347202 84.91379310344827 23
1764032347212 79.59770114942529 24
