1764102775236 2.1914599266919224 0
1764102790449 2.189936339855194 1
1764102805281 2.1850431994958357 2
1764102819654 2.178185457533056 3
1764102826397 2.177001828497106 4
1764102841010 2.1705877889286387 5
1764102847899 2.1640563065355476 6
1764102862714 2.156458529559049 7
1764102877334 2.1494821418415415 8
1764102892242 2.1408437436277215 9
1764102919990 2.1328864585269582 10
1764102949780 2.1236240051009436 11
1764102978081 2.1166968670758335 12
1764102995844 2.105051027102904 13
1764103015085 2.0935908501798455 14
1764103033783 2.0798261084339837 15
1764103049699 2.0631914220073004 16
1764103057067 2.0486418469385668 17
1764103072264 2.0299530083482917 18
1764103079131 2.0203595513647254 19
1764103086236 1.9945029562169856 20
1764103104214 1.9665456170385534 21
