1764102775236 11.781609195402298 0
1764102790449 11.781609195402298 1
1764102805281 11.206896551724139 2
1764102819654 13.218390804597702 3
1764102826397 11.925287356321839 4
1764102841010 13.793103448275861 5
1764102847899 16.666666666666668 6
1764102862714 18.103448275862068 7
1764102877334 20.54597701149425 8
1764102892242 21.408045977011493 9
1764102919990 22.557471264367816 10
1764102949780 24.42528735632184 11
1764102978081 26.149425287356323 12
1764102995844 27.155172413793103 13
1764103015085 28.448275862068964 14
1764103033783 29.45402298850575 15
1764103049699 31.03448275862069 16
1764103057067 30.45977011494253 17
1764103072264 32.61494252873563 18
1764103079131 32.327586206896555 19
1764103086236 34.339080459770116 20
1764103104214 35.201149425287355 21
