1764024967895 13.505747126436782 0
1764024997424 26.00574712643678 1
1764025027098 29.022988505747126 2
1764025052187 34.05172413793103 3
1764025076944 34.770114942528735 4
1764025096615 38.36206896551724 5
1764025104625 40.08620689655172 6
1764025112672 42.38505747126437 7
1764025121561 46.264367816091955 8
1764025130101 43.96551724137931 9
1764025163898 49.13793103448276 10
1764025178209 47.55747126436781 11
1764025190190 51.14942528735632 12
1764025221146 53.44827586206897 13
1764025251088 52.1551724137931 14
1764025264856 56.03448275862069 15
1764025279092 57.04022988505747 16
1764025293615 56.17816091954023 17
1764025329951 58.62068965517241 18
1764025339304 57.90229885057471 19
1764025349749 62.06896551724138 20
1764025360346 62.06896551724138 21
1764025371078 64.51149425287356 22
1764025382357 64.51149425287356 23
1764025382367 56.17816091954023 24
