1764024967895 2.1563854109157217 0
1764024997424 2.082935490391471 1
1764025027098 1.9707192778587341 2
1764025052187 1.840336027470502 3
1764025076944 1.756991519169374 4
1764025096615 1.6380378956144506 5
1764025104625 1.5449793853543021 6
1764025112672 1.493315271355889 7
1764025121561 1.4607063382863998 8
1764025130101 1.4246237576007843 9
1764025163898 1.3372387574477629 10
1764025178209 1.321549651297656 11
1764025190190 1.2572408548810265 12
1764025221146 1.227008429440585 13
1764025251088 1.1888759678060359 14
1764025264856 1.1348731273954564 15
1764025279092 1.1198486658659847 16
1764025293615 1.0852038968693127 17
1764025329951 1.0767186758193104 18
1764025339304 1.0362153987992893 19
1764025349749 1.0107687657529658 20
1764025360346 0.9894979663870551 21
1764025371078 0.9374264580282298 22
1764025382357 0.9320236010984941 23
1764025382367 1.0852038968693127 24
