1764104717971 13.218390804597702 0
1764104749539 20.402298850574713 1
1764104780774 22.413793103448278 2
1764104811623 23.563218390804597 3
1764104842492 26.867816091954023 4
1764104874926 28.160919540229884 5
1764104907671 28.304597701149426 6
1764104943359 28.735632183908045 7
1764104974671 31.896551724137932 8
1764105004691 31.752873563218394 9
1764105030687 37.35632183908046 10
1764105058726 37.93103448275862 11
1764105082350 37.5 12
1764105112313 40.37356321839081 13
1764105148738 39.94252873563218 14
1764105184296 43.96551724137931 15
1764105217873 43.247126436781606 16
1764105249430 45.54597701149425 17
1764105272613 46.12068965517241 18
1764105305438 47.12643678160919 19
1764105337500 49.85632183908046 20
1764105371051 48.99425287356322 21
1764105402405 51.724137931034484 22
1764105438422 49.85632183908046 23
1764105471936 52.87356321839081 24
1764105507291 53.44827586206896 25
1764105537951 52.87356321839081 26
1764105567603 52.72988505747126 27
1764105594601 57.47126436781609 28
1764105622519 56.60919540229885 29
1764105650712 53.735632183908045 30
1764105680831 55.45977011494253 31
1764105711348 57.61494252873563 32
1764105730490 59.48275862068966 33
1764105749363 59.91379310344828 34
1764105777141 56.896551724137936 35
1764105795744 60.63218390804598 36
1764105814373 56.60919540229885 37
1764105831333 59.91379310344828 38
1764105848989 59.33908045977011 39
1764105857743 61.35057471264368 40
1764105876534 62.643678160919535 41
1764105886012 60.63218390804598 42
1764105904754 60.05747126436781 43
1764105921149 61.06321839080459 44
1764105928493 61.49425287356321 45
1764105945182 62.5 46
1764105961276 66.23563218390804 47
1764105969171 64.22413793103449 48
1764105989791 63.2183908045977 49
1764106020480 62.93103448275862 50
1764106051784 63.36206896551724 51
1764106064993 67.09770114942529 52
1764106076772 62.93103448275862 53
1764106107414 69.10919540229885 54
1764106138864 64.08045977011494 55
1764106153853 65.94827586206897 56
1764106186773 66.66666666666666 57
1764106200044 67.95977011494253 58
1764106213204 65.51724137931035 59
1764106226120 67.38505747126436 60
1764106254596 65.80459770114942 61
1764106268834 66.66666666666666 62
1764106281887 67.95977011494253 63
1764106310220 66.95402298850574 64
1764106340494 68.24712643678161 65
1764106371946 66.23563218390804 66
1764106386340 72.41379310344827 67
1764106400590 69.82758620689656 68
1764106432330 68.67816091954023 69
1764106469262 69.10919540229885 70
1764106499334 68.39080459770115 71
1764106528658 68.82183908045977 72
1764106540383 71.4080459770115 73
1764106550460 70.83333333333334 74
1764106563559 71.69540229885058 75
1764106575922 73.5632183908046 76
1764106597360 71.98275862068965 77
1764106616481 72.98850574712644 78
1764106625105 72.5574712643678 79
1764106634986 74.42528735632183 80
1764106643531 72.27011494252874 81
1764106653738 71.98275862068965 82
