1764104717971 2.198058458891782 0
1764104749539 2.1803352020003577 1
1764104780774 2.16356943954121 2
1764104811623 2.158879182555459 3
1764104842492 2.1301583593541924 4
1764104874926 2.110722937367179 5
1764104907671 2.09943702546033 6
1764104943359 2.0721559822559357 7
1764104974671 2.0345460799607364 8
1764105004691 2.0100241926583378 9
1764105030687 1.9730761565945365 10
1764105058726 1.9199431782419032 11
1764105082350 1.8966412544250488 12
1764105112313 1.8042712618004193 13
1764105148738 1.7529017925262451 14
1764105184296 1.6959726133129813 15
1764105217873 1.647028018127788 16
1764105249430 1.562292223626917 17
1764105272613 1.5049719675020738 18
1764105305438 1.4814263040369207 19
1764105337500 1.4121711064468732 20
1764105371051 1.388774947686629 21
1764105402405 1.3477992049672387 22
1764105438422 1.340709462761879 23
1764105471936 1.2912985343824734 24
1764105507291 1.290696081790057 25
1764105537951 1.2297209894115275 26
1764105567603 1.2319160388274626 27
1764105594601 1.188581413843415 28
1764105622519 1.1779725754802877 29
1764105650712 1.18446606668559 30
1764105680831 1.1758977269584483 31
1764105711348 1.1349530098113148 32
1764105730490 1.0965924019163305 33
1764105749363 1.0870621719143607 34
1764105777141 1.141295009038665 35
1764105795744 1.0799007673155179 36
1764105814373 1.0849968520077793 37
1764105831333 1.0794604867696762 38
1764105848989 1.0489566922187805 39
1764105857743 1.0495895716277035 40
1764105876534 1.0166750821200283 41
1764105886012 1.0236554010347887 42
1764105904754 1.010521737011996 43
1764105921149 1.001792628656734 44
1764105928493 1.005751227790659 45
1764105945182 1.0268221971663563 46
1764105961276 0.9600480645895004 47
1764105969171 0.9677942964163694 48
1764105989791 0.9632867534052242 49
1764106020480 0.9742920913479545 50
1764106051784 0.9308216382156719 51
1764106064993 0.9155665365132418 52
1764106076772 0.9368115175854076 53
1764106107414 0.8728561408140443 54
1764106138864 0.9015984338792887 55
1764106153853 0.8825422958894209 56
1764106186773 0.8892531740394506 57
1764106200044 0.8688273213126443 58
1764106213204 0.8921028165654703 59
1764106226120 0.8529497080228545 60
1764106254596 0.8707831014286388 61
1764106268834 0.8926352269270204 62
1764106281887 0.8453687009486285 63
1764106310220 0.8568269400434061 64
1764106340494 0.8508128076791763 65
1764106371946 0.830164102668112 66
1764106386340 0.7757104594599117 67
1764106400590 0.7925489084287123 68
1764106432330 0.8078677396882664 69
1764106469262 0.8060644682158123 70
1764106499334 0.7967277243733406 71
1764106528658 0.8161991435018453 72
1764106540383 0.781262917952104 73
1764106550460 0.7929783477024599 74
1764106563559 0.7557251920754259 75
1764106575922 0.7236443954435262 76
1764106597360 0.7524850124662573 77
1764106616481 0.7667615406892516 78
1764106625105 0.7379553324796937 79
1764106634986 0.7160882001573389 80
1764106643531 0.7723495032299649 81
1764106653738 0.7407236444679174 82
