1764104144383 17.385057471264368 0
1764104183667 28.304597701149426 1
1764104223277 37.5 2
1764104265649 45.11494252873563 3
1764104306463 45.689655172413794 4
1764104347408 50.57471264367817 5
1764104380542 49.42528735632184 6
1764104412635 49.42528735632184 7
1764104445684 53.44827586206896 8
1764104460488 55.45977011494253 9
1764104493599 59.05172413793104 10
1764104525521 61.49425287356321 11
1764104558817 62.787356321839084 12
1764104573623 64.51149425287356 13
1764104596361 65.37356321839081 14
1764104610474 66.23563218390804 15
1764104643665 65.37356321839081 16
1764104658403 63.36206896551724 17
1764104672734 61.7816091954023 18
1764104688006 64.79885057471265 19
1764104703321 62.643678160919535 20
