1764104144383 2.133553244850852 0
1764104183667 1.9106001420454546 1
1764104223277 1.6116228862242266 2
1764104265649 1.418496229431846 3
1764104306463 1.3468354073437778 4
1764104347408 1.3039084117520938 5
1764104380542 1.2744445150548762 6
1764104412635 1.2251630466092716 7
1764104445684 1.159779591993852 8
1764104460488 1.119894959709861 9
1764104493599 1.0659150806340305 10
1764104525521 0.9796924164349382 11
1764104558817 1.0233976123007862 12
1764104573623 0.9696180116046559 13
1764104596361 0.915149908174168 14
1764104610474 0.9381569603627379 15
1764104643665 0.9348589120940729 16
1764104658403 0.9764637567780234 17
1764104672734 1.001152970574119 18
1764104688006 0.9307739219882272 19
1764104703321 0.9430841993201863 20
