1764092460407 2.1997914910316467 0
1764092489390 2.1929156942801042 1
1764092502032 2.1923216472972524 2
1764092514259 2.1874262365427883 3
1764092526838 2.1797074621373955 4
1764092557174 2.179274732416326 5
1764092585789 2.17101788520813 6
1764092614703 2.1669095212763008 7
1764092627240 2.160098287192258 8
1764092655305 2.1593495444817976 9
1764092684368 2.1536573388359765 10
1764092713690 2.144280655817552 11
1764092726838 2.135380197655071 12
1764092754636 2.127613138068806 13
1764092770179 2.1120453856208106 14
1764102664133 2.104605620557612 15
1764102688596 2.0878647674213755 16
1764102706569 2.0766575553200464 17
1764102713630 2.0604715780778364 18
1764102720499 2.0412477173588495 19
1764102734670 2.0221992460164158 20
1764102741507 2.0047491761771115 21
1764102748297 1.9856734736399217 22
1764102754968 1.9467877420512112 23
1764102761650 1.9310830858620731 24
1764102768437 1.8976084346121007 25
1764102768446 2.0412477173588495 26
