1764092460407 10.775862068965518 0
1764092489390 12.068965517241379 1
1764092502032 12.21264367816092 2
1764092514259 13.218390804597702 3
1764092526838 14.224137931034482 4
1764092557174 13.505747126436782 5
1764092585789 16.091954022988507 6
1764092614703 15.373563218390805 7
1764092627240 17.816091954022987 8
1764092655305 14.367816091954023 9
1764092684368 15.948275862068966 10
1764092713690 19.396551724137932 11
1764092726838 18.39080459770115 12
1764092754636 21.982758620689655 13
1764092770179 23.99425287356322 14
1764102664133 23.99425287356322 15
1764102688596 27.442528735632184 16
1764102706569 27.442528735632184 17
1764102713630 33.04597701149425 18
1764102720499 33.62068965517241 19
1764102734670 33.764367816091955 20
1764102741507 36.35057471264368 21
1764102748297 32.47126436781609 22
1764102754968 36.49425287356322 23
1764102761650 34.195402298850574 24
1764102768437 34.91379310344828 25
1764102768446 33.62068965517241 26
