1764024700444 22.270114942528735 0
1764024719644 33.47701149425287 1
1764024737508 41.95402298850575 2
1764024759571 50.28735632183908 3
1764024769738 44.68390804597701 4
1764024792201 50.43103448275862 5
1764024801725 55.02873563218391 6
1764024810837 53.44827586206897 7
1764024819819 57.47126436781609 8
1764024829094 60.91954022988506 9
1764024852255 60.05747126436781 10
1764024861727 63.2183908045977 11
1764024871232 61.92528735632184 12
1764024880356 64.65517241379311 13
1764024904853 63.2183908045977 14
1764024915123 66.52298850574712 15
1764024925107 65.3735632183908 16
1764024935343 66.66666666666667 17
1764024945678 67.52873563218391 18
1764024955720 70.25862068965517 19
1764024955734 64.65517241379311 20
