1764024700444 2.031957287680019 0
1764024719644 1.7863320437344639 1
1764024737508 1.5143967866897583 2
1764024759571 1.3929719667543063 3
1764024769738 1.4160543856295673 4
1764024792201 1.2723943387920207 5
1764024801725 1.1849614517255262 6
1764024810837 1.1776865111155943 7
1764024819819 1.0997121144424786 8
1764024829094 1.0637393241578883 9
1764024852255 1.0890348919413306 10
1764024861727 1.0325599644671788 11
1764024871232 0.995428429408507 12
1764024880356 0.9054177762432531 13
1764024904853 0.936858824708245 14
1764024915123 0.8980832567269151 15
1764024925107 0.9684014272960749 16
1764024935343 0.9062640016729181 17
1764024945678 0.8740928240797736 18
1764024955720 0.7671415717764334 19
1764024955734 0.9054177762432531 20
