1764028855981 11.494252873563218 0
1764028880258 12.64367816091954 1
1764028890321 13.362068965517242 2
1764028900056 13.218390804597702 3
1764028925721 14.511494252873563 4
1764028936039 15.373563218390805 5
1764028960469 19.396551724137932 6
1764028982313 23.132183908045977 7
1764029009791 25.57471264367816 8
1764029036324 27.155172413793103 9
1764029054841 29.597701149425287 10
1764029076887 33.62068965517241 11
1764029104406 32.90229885057471 12
1764029114062 36.7816091954023 13
1764029135373 34.62643678160919 14
1764029160673 39.51149425287356 15
1764029169027 36.92528735632184 16
1764029188680 38.64942528735632 17
1764029197406 39.08045977011494 18
1764029207659 40.804597701149426 19
1764029236460 37.64367816091954 20
1764029268932 40.804597701149426 21
1764029280016 40.37356321839081 22
1764029290667 41.37931034482759 23
1764029302709 41.52298850574713 24
1764029313587 42.95977011494253 25
1764029323240 42.52873563218391 26
1764029323255 37.64367816091954 27
