1764028855981 2.1947369358756323 0
1764028880258 2.1840681812979956 1
1764028890321 2.17557753757997 2
1764028900056 2.166324024850672 3
1764028925721 2.1595227284864946 4
1764028936039 2.1514258005402307 5
1764028960469 2.1424432505260813 6
1764028982313 2.133406779982827 7
1764029009791 2.1228342435576697 8
1764029036324 2.1107800115238535 9
1764029054841 2.0993810675360938 10
1764029076887 2.083624306050214 11
1764029104406 2.0703100047328253 12
1764029114062 2.0549173084172336 13
1764029135373 2.0359387777068396 14
1764029160673 2.01297651366754 15
1764029169027 1.994298669424924 16
1764029188680 1.9687781631946564 17
1764029197406 1.9424349638548764 18
1764029207659 1.915784014896913 19
1764029236460 1.8806355433030562 20
1764029268932 1.853791437365792 21
1764029280016 1.8240146474404768 22
1764029290667 1.7928407165137203 23
1764029302709 1.7643371522426605 24
1764029313587 1.7349208241159266 25
1764029323240 1.707999660210176 26
1764029323255 1.8806355433030562 27
