1764028106137 2.195732057094574 0
1764028130884 2.189163701100783 1
1764028155487 2.175644652409987 2
1764028180359 2.1670893159779636 3
1764028204947 2.1653182452375237 4
1764028229667 2.15930915962566 5
1764028239006 2.1524703231724827 6
1764028263540 2.1463701887564226 7
1764028273190 2.1416438221931458 8
1764028282932 2.1348731084303423 9
1764028308353 2.1250528639013115 10
1764028332997 2.1215318224646826 11
1764028342590 2.1150439489971506 12
1764028352192 2.106776437976144 13
1764028376957 2.0989052192731337 14
1764028386957 2.093557436357845 15
1764028396765 2.0824232453649696 16
1764028406850 2.0683045278895986 17
1764028431407 2.06394624710083 18
1764028456322 2.0506453703750265 19
1764028465640 2.0394952920350162 20
1764028475550 2.0288710594177246 21
1764028484695 2.0210405723615126 22
1764028509742 2.0056988894939423 23
1764028519021 1.9823808859695087 24
1764028528480 1.9771549918434836 25
1764028538244 1.9585745578462428 26
1764028547373 1.9468699531121687 27
1764028556633 1.937268620187586 28
1764028580992 1.9129223688082262 29
1764028606540 1.908399682153355 30
1764028631604 1.8873528160832145 31
1764028655668 1.863126058470119 32
1764028680884 1.8373892117630353 33
1764028690262 1.8282746103676883 34
1764028700494 1.805058934471824 35
1764028710371 1.8065904812379316 36
1764028735140 1.761218485507098 37
1764028744660 1.7578863962130113 38
1764028753947 1.7418848953463815 39
1764028763494 1.7324736687270077 40
1764028772963 1.7063015699386597 41
1764028797807 1.712965802712874 42
1764028807268 1.676371848041361 43
1764028816785 1.6561584716493434 44
1764028826356 1.6298959715799852 45
1764028836284 1.6356405913829803 46
1764028846026 1.6211464405059814 47
1764028846045 1.7063015699386597 48
