1764028106137 11.925287356321839 0
1764028130884 14.224137931034482 1
1764028155487 16.666666666666668 2
1764028180359 17.67241379310345 3
1764028204947 17.95977011494253 4
1764028229667 18.67816091954023 5
1764028239006 18.39080459770115 6
1764028263540 21.264367816091955 7
1764028273190 21.264367816091955 8
1764028282932 21.982758620689655 9
1764028308353 21.982758620689655 10
1764028332997 24.137931034482758 11
1764028342590 24.137931034482758 12
1764028352192 24.137931034482758 13
1764028376957 26.00574712643678 14
1764028386957 27.011494252873565 15
1764028396765 27.729885057471265 16
1764028406850 26.00574712643678 17
1764028431407 29.45402298850575 18
1764028456322 29.022988505747126 19
1764028465640 30.603448275862068 20
1764028475550 28.448275862068964 21
1764028484695 29.45402298850575 22
1764028509742 29.597701149425287 23
1764028519021 32.18390804597701 24
1764028528480 30.74712643678161 25
1764028538244 31.46551724137931 26
1764028547373 34.62643678160919 27
1764028556633 30.603448275862068 28
1764028580992 32.758620689655174 29
1764028606540 32.04022988505747 30
1764028631604 34.339080459770116 31
1764028655668 34.91379310344828 32
1764028680884 34.05172413793103 33
1764028690262 35.3448275862069 34
1764028700494 36.92528735632184 35
1764028710371 36.63793103448276 36
1764028735140 37.64367816091954 37
1764028744660 38.64942528735632 38
1764028753947 36.92528735632184 39
1764028763494 36.49425287356322 40
1764028772963 36.49425287356322 41
1764028797807 38.64942528735632 42
1764028807268 39.367816091954026 43
1764028816785 40.51724137931034 44
1764028826356 41.235632183908045 45
1764028836284 40.37356321839081 46
1764028846026 41.666666666666664 47
1764028846045 36.49425287356322 48
