1764033843601 2.2002629800276323 0
1764033860102 2.1932204853404653 1
1764033880818 2.181039398366755 2
1764033898238 2.1754110509699043 3
1764033913772 2.1623460813002153 4
1764033930008 2.1554294282739814 5
1764033946235 2.152091871608387 6
1764033962432 2.136926044117321 7
1764033980346 2.1205861785195093 8
1764033997474 2.106930364261974 9
1764034005270 2.0851873484524814 10
1764034013435 2.0605031793767754 11
1764034031019 2.037568840113553 12
1764034048747 2.0035606622695923 13
1764034056659 1.9703676267103716 14
1764034073724 1.9390918883410366 15
1764034091720 1.9133373932404951 16
1764034108659 1.8707309527830644 17
1764034124125 1.8415314717726274 18
1764034133676 1.7896159995685925 19
1764034149237 1.7323202328248457 20
1764034164519 1.6660770936445757 21
1764034171395 1.6247348568656228 22
1764034178557 1.6014238595962524 23
1764034185708 1.5386377356269143 24
1764034192714 1.5162093856117942 25
1764034208406 1.5008990656245838 26
1764034214945 1.4434435150840066 27
1764034230988 1.4128593531521885 28
1764034247226 1.382162419232455 29
1764034254000 1.343380863016302 30
1764034261272 1.319862723350525 31
1764034268463 1.327736962925304 32
1764034275894 1.328009301965887 33
1764034283585 1.3330735618417913 34
1764034283585 1.4128593531521885 35
