1764033843601 12.21264367816092 0
1764033860102 12.931034482758621 1
1764033880818 14.942528735632184 2
1764033898238 16.235632183908045 3
1764033913772 18.67816091954023 4
1764033930008 21.120689655172413 5
1764033946235 20.54597701149425 6
1764033962432 24.2816091954023 7
1764033980346 25.7183908045977 8
1764033997474 27.873563218390803 9
1764034005270 30.45977011494253 10
1764034013435 32.47126436781609 11
1764034031019 32.61494252873563 12
1764034048747 35.91954022988506 13
1764034056659 34.62643678160919 14
1764034073724 37.06896551724138 15
1764034091720 35.632183908045974 16
1764034108659 38.793103448275865 17
1764034124125 39.224137931034484 18
1764034133676 40.804597701149426 19
1764034149237 43.53448275862069 20
1764034164519 42.52873563218391 21
1764034171395 44.10919540229885 22
1764034178557 43.247126436781606 23
1764034185708 46.839080459770116 24
1764034192714 44.39655172413793 25
1764034208406 44.10919540229885 26
1764034214945 46.695402298850574 27
1764034230988 49.2816091954023 28
1764034247226 50.7183908045977 29
1764034254000 50.14367816091954 30
1764034261272 51.00574712643678 31
1764034268463 51.14942528735632 32
1764034275894 52.729885057471265 33
1764034283585 48.99425287356322 34
1764034283585 49.2816091954023 35
