1764025895729 2.1087528521364387 0
1764025912197 1.8877282576127485 1
1764025928896 1.6875827800143848 2
1764025945324 1.5438296388496051 3
1764025961895 1.4480442052537745 4
1764025978660 1.3561706895178014 5
1764025986270 1.2764588756994768 6
1764025993496 1.2573012614792043 7
1764026008762 1.1915711692788384 8
1764026023012 1.1330988772890784 9
1764026029149 1.0949639705094425 10
1764026044162 1.0330578535795212 11
1764026050740 0.9999775371768258 12
1764026057044 0.9809357483278621 13
1764026071944 0.9434551637281071 14
1764026078432 0.9145290648395364 15
1764026084754 0.8981847288933668 16
1764026099613 0.851741183210503 17
1764026106465 0.8553831021894108 18
1764026112943 0.8303547542203557 19
1764026119715 0.8049444847486236 20
1764026126443 0.7829516401345079 21
1764026133151 0.7657533999193799 22
1764026133545 0.8981847288933668 23
