1764025895729 18.67816091954023 0
1764025912197 29.74137931034483 1
1764025928896 36.206896551724135 2
1764025945324 40.804597701149426 3
1764025961895 43.10344827586207 4
1764025978660 46.264367816091955 5
1764025986270 49.71264367816092 6
1764025993496 49.85632183908046 7
1764026008762 52.58620689655172 8
1764026023012 57.758620689655174 9
1764026029149 56.32183908045977 10
1764026044162 60.775862068965516 11
1764026050740 61.63793103448276 12
1764026057044 63.07471264367816 13
1764026071944 64.36781609195403 14
1764026078432 63.36206896551724 15
1764026084754 65.3735632183908 16
1764026099613 68.82183908045977 17
1764026106465 64.22413793103448 18
1764026112943 68.24712643678161 19
1764026119715 68.82183908045977 20
1764026126443 69.10919540229885 21
1764026133151 70.54597701149426 22
1764026133545 65.3735632183908 23
