1764030922512 2.18832971832969 0
1764030949151 2.1699911030856045 1
1764030975603 2.153327465057373 2
1764031001251 2.136388496919112 3
1764031025997 2.1201023188504307 4
1764031050377 2.0996189550919966 5
1764031077023 2.0770844546231357 6
1764031099091 2.0511805577711626 7
1764031115710 2.0165244232524526 8
1764031122741 1.9751285964792424 9
1764031129639 1.930875463919206 10
1764031146912 1.875987247987227 11
1764031154458 1.831409519368952 12
1764031161407 1.7683781710537998 13
1764031168603 1.720141584222967 14
1764031176305 1.678713939406655 15
1764031184974 1.6175332177769055 16
1764031184977 1.930875463919206 17
