1764030922512 12.35632183908046 0
1764030949151 13.074712643678161 1
1764030975603 18.96551724137931 2
1764031001251 21.408045977011493 3
1764031025997 21.839080459770116 4
1764031050377 28.735632183908045 5
1764031077023 30.45977011494253 6
1764031099091 33.764367816091955 7
1764031115710 34.195402298850574 8
1764031122741 36.35057471264368 9
1764031129639 33.62068965517241 10
1764031146912 38.50574712643678 11
1764031154458 36.92528735632184 12
1764031161407 39.224137931034484 13
1764031168603 40.08620689655172 14
1764031176305 39.08045977011494 15
1764031184974 40.804597701149426 16
1764031184977 33.62068965517241 17
