1764106663451 16.954022988505745 0
1764106690708 31.178160919540232 1
1764106725569 37.06896551724138 2
1764106764225 39.798850574712645 3
1764106797570 43.247126436781606 4
1764106825407 45.54597701149425 5
1764106852834 46.55172413793103 6
1764106869684 48.99425287356322 7
1764106887260 54.45402298850575 8
1764106904522 50.43103448275862 9
1764106922265 52.72988505747126 10
1764106939381 56.03448275862068 11
1764106956529 58.04597701149425 12
1764106974140 59.62643678160919 13
1764106982206 57.47126436781609 14
1764106990195 63.07471264367817 15
1764107006140 63.2183908045977 16
1764107021717 60.48850574712644 17
1764107029118 62.356321839080465 18
1764107045186 59.48275862068966 19
1764107053524 63.2183908045977 20
1764107071182 62.787356321839084 21
1764107091755 65.66091954022988 22
1764107109287 66.23563218390804 23
1764107117064 62.787356321839084 24
1764107124890 60.05747126436781 25
