1764106663451 2.1253531087528574 0
1764106690708 1.8750457655299793 1
1764106725569 1.7281076149507002 2
1764106764225 1.572382471778176 3
1764106797570 1.524324200370095 4
1764106825407 1.4009044387123801 5
1764106852834 1.2911539186130871 6
1764106869684 1.2662928646261042 7
1764106887260 1.2195636142383923 8
1764106904522 1.2411864562468096 9
1764106922265 1.1647685441103848 10
1764106939381 1.1242007342251865 11
1764106956529 1.1040465452454307 12
1764106974140 1.0600695447488264 13
1764106982206 1.1099300113591282 14
1764106990195 1.051871662790125 15
1764107006140 0.990157197822224 16
1764107021717 0.9747521172870289 17
1764107029118 0.9812624779614535 18
1764107045186 0.9867565686052496 19
1764107053524 0.9182338768785651 20
1764107071182 0.9634686708450317 21
1764107091755 0.8827990781177174 22
1764107109287 0.876660477031361 23
1764107117064 0.9734239253130826 24
1764107124890 0.978073000907898 25
