1764026140522 1.9254094687375156 0
1764026156913 1.4608817263083025 1
1764026178954 1.2406252988360145 2
1764026210969 1.133586662736806 3
1764026244521 1.0026247284629128 4
1764026260382 0.9858620803464543 5
1764026290113 0.9141218371011994 6
1764026301090 0.8595206872983412 7
1764026312145 0.8225615464828231 8
1764026322899 0.7997764416716315 9
1764026332369 0.7634729153730653 10
1764026350832 0.6856035773049701 11
1764026361212 0.6599909683520143 12
1764026371321 0.6889147893948988 13
1764026381930 0.6087093932384794 14
1764026399115 0.5704348717223514 15
1764026408076 0.52972143211148 16
1764026418949 0.5318467186933215 17
1764026448898 0.5345576324246146 18
1764026460365 0.4666981812227856 19
1764026471353 0.4240665144541047 20
1764026482679 0.41018395278264175 21
1764026494105 0.39383007518269797 22
1764026505081 0.3799919838255102 23
1764026505093 0.5318467186933215 24
