1764026140522 28.879310344827587 0
1764026156913 43.96551724137931 1
1764026178954 50.7183908045977 2
1764026210969 56.89655172413793 3
1764026244521 61.49425287356322 4
1764026260382 60.632183908045974 5
1764026290113 67.24137931034483 6
1764026301090 68.67816091954023 7
1764026312145 68.96551724137932 8
1764026322899 70.25862068965517 9
1764026332369 71.4080459770115 10
1764026350832 74.56896551724138 11
1764026361212 73.99425287356321 12
1764026371321 75.43103448275862 13
1764026381930 75.86206896551724 14
1764026399115 78.44827586206897 15
1764026408076 80.60344827586206 16
1764026418949 80.60344827586206 17
1764026448898 80.45977011494253 18
1764026460365 81.60919540229885 19
1764026471353 85.91954022988506 20
1764026482679 85.48850574712644 21
1764026494105 87.21264367816092 22
1764026505081 85.63218390804597 23
1764026505093 80.60344827586206 24
