1764090594794 2.210315552624789 0
1764090610183 2.1440287936817515 1
1764090625225 2.1071665503761987 2
1764090640712 2.0506876598704946 3
1764090656156 2.0000525387850674 4
1764090673149 1.9090113964947788 5
1764090687886 1.8277592767368664 6
1764090694965 1.711977557702498 7
1764090702549 1.609955299984325 8
1764090719922 1.5520949472080579 9
1764090744885 1.3899398825385354 10
1764090753168 1.3577019409699873 11
1764090760969 1.3126323764974421 12
1764090778402 1.3369110064073042 13
1764090786333 1.2614447203549473 14
1764090794114 1.220996769991788 15
1764090802194 1.2993705055930398 16
1764090819151 1.2005268281156367 17
1764090827065 1.117495227943767 18
1764090833734 1.1256899562748997 19
1764090840056 1.1097703738646074 20
1764090854028 1.045566352930936 21
1764090860404 1.0252793702212246 22
1764090867125 1.0945859497243708 23
1764090874408 0.9563573653047736 24
1764090881000 0.9889677600427107 25
1764090896028 0.9789940010417592 26
1764090903075 0.9841760342771356 27
1764090909918 1.0098545171997764 28
1764090917258 0.9955657558007673 29
1764090924333 0.9316016814925454 30
1764090931343 0.8441209251230414 31
1764090931350 0.9889677600427107 32
