1764090594794 11.206896551724139 0
1764090610183 20.54597701149425 1
1764090625225 22.126436781609197 2
1764090640712 25.862068965517242 3
1764090656156 30.316091954022987 4
1764090673149 33.9080459770115 5
1764090687886 36.92528735632184 6
1764090694965 37.06896551724138 7
1764090702549 39.6551724137931 8
1764090719922 40.804597701149426 9
1764090744885 46.4080459770115 10
1764090753168 51.4367816091954 11
1764090760969 46.98275862068966 12
1764090778402 47.701149425287355 13
1764090786333 53.304597701149426 14
1764090794114 56.46551724137931 15
1764090802194 49.85632183908046 16
1764090819151 53.304597701149426 17
1764090827065 58.62068965517241 18
1764090833734 56.17816091954023 19
1764090840056 57.61494252873563 20
1764090854028 60.48850574712644 21
1764090860404 60.3448275862069 22
1764090867125 57.04022988505747 23
1764090874408 64.51149425287356 24
1764090881000 60.3448275862069 25
1764090896028 62.5 26
1764090903075 61.0632183908046 27
1764090909918 62.06896551724138 28
1764090917258 61.92528735632184 29
1764090924333 65.94827586206897 30
1764090931343 66.8103448275862 31
1764090931350 60.3448275862069 32
