1764031778701 15.804597701149426 0
1764031796846 22.270114942528735 1
1764031812858 28.448275862068964 2
1764031828658 28.591954022988507 3
1764031844832 31.75287356321839 4
1764031861457 33.62068965517241 5
1764031868435 34.05172413793103 6
1764031875364 36.35057471264368 7
1764031881877 37.35632183908046 8
1764031899922 41.235632183908045 9
1764031907186 39.94252873563219 10
1764031914258 42.81609195402299 11
1764031921473 40.94827586206897 12
1764031928721 42.241379310344826 13
1764031944635 42.38505747126437 14
1764031951629 46.12068965517241 15
1764031959171 43.82183908045977 16
1764031965789 44.54022988505747 17
1764031972854 47.98850574712644 18
1764031980062 47.41379310344828 19
1764031996441 44.827586206896555 20
1764032003512 49.56896551724138 21
1764032020363 51.724137931034484 22
1764032037732 52.729885057471265 23
1764032045005 51.58045977011494 24
1764032051980 51.14942528735632 25
1764032059024 50.0 26
1764032066115 55.02873563218391 27
1764032072767 55.45977011494253 28
1764032072773 51.724137931034484 29
