1764031778701 2.17207163030451 0
1764031796846 2.134032292799516 1
1764031812858 2.094295545057817 2
1764031828658 2.0468428134918213 3
1764031844832 2.0010425610975786 4
1764031861457 1.9495369521054355 5
1764031868435 1.9017090905796399 6
1764031875364 1.8735891038721257 7
1764031881877 1.8115050792694092 8
1764031899922 1.7434872822328047 9
1764031907186 1.7074680111624978 10
1764031914258 1.680528380654075 11
1764031921473 1.6291469010439785 12
1764031928721 1.588330951603976 13
1764031944635 1.5812891721725464 14
1764031951629 1.534650986844843 15
1764031959171 1.5110524567690762 16
1764031965789 1.4584713198921897 17
1764031972854 1.427086049860174 18
1764031980062 1.423089861869812 19
1764031996441 1.446424495090138 20
1764032003512 1.3570108196952126 21
1764032020363 1.3296879746697166 22
1764032037732 1.306607647375627 23
1764032045005 1.3323695009404963 24
1764032051980 1.302125334739685 25
1764032059024 1.327672232281078 26
1764032066115 1.2483062960884788 27
1764032072767 1.2118057120930066 28
1764032072773 1.3296879746697166 29
