1764030444176 19.82758620689655 0
1764030467876 35.775862068965516 1
1764030492089 41.52298850574713 2
1764030501196 38.9367816091954 3
1764030526669 45.689655172413794 4
1764030552423 48.99425287356322 5
1764030578235 55.45977011494253 6
1764030587695 60.05747126436781 7
1764030613341 59.05172413793103 8
1764030623824 63.64942528735632 9
1764030633656 62.21264367816092 10
1764030663691 59.195402298850574 11
1764030674949 65.94827586206897 12
1764030702493 69.82758620689656 13
1764030713105 69.10919540229885 14
1764030739874 69.82758620689656 15
1764030750616 72.84482758620689 16
1764030761578 70.54597701149426 17
1764030790783 75.14367816091954 18
1764030801581 77.01149425287356 19
1764030810943 75.57471264367815 20
1764030820131 77.8735632183908 21
1764030829717 78.16091954022988 22
1764030839095 82.04022988505747 23
1764030864035 80.60344827586206 24
1764030873211 83.1896551724138 25
1764030882825 81.46551724137932 26
1764030892311 82.04022988505747 27
1764030901939 84.33908045977012 28
1764030911777 86.7816091954023 29
1764030911777 82.04022988505747 30
