1764030444176 2.2646513201973657 0
1764030467876 1.795634757388722 1
1764030492089 1.6202574534849687 2
1764030501196 1.604191314090382 3
1764030526669 1.429895650256764 4
1764030552423 1.3166740049015393 5
1764030578235 1.146879494190216 6
1764030587695 1.055851697921753 7
1764030613341 1.0695146647366611 8
1764030623824 0.9875125885009766 9
1764030633656 0.9852700612761758 10
1764030663691 1.0180070020935752 11
1764030674949 0.9306932904503562 12
1764030702493 0.7954886989160017 13
1764030713105 0.8036807179450989 14
1764030739874 0.7740877812558954 15
1764030750616 0.7347828962586143 16
1764030761578 0.7122324271635576 17
1764030790783 0.6894408735361967 18
1764030801581 0.6480779647827148 19
1764030810943 0.6676418781280518 20
1764030820131 0.5777440450408242 21
1764030829717 0.6158487119457938 22
1764030839095 0.5029788748784498 23
1764030864035 0.5187002528797496 24
1764030873211 0.47489426081830804 25
1764030882825 0.5334570895541798 26
1764030892311 0.4952158846638419 27
1764030901939 0.43176852843978186 28
1764030911777 0.386072421615774 29
1764030911777 0.5029788748784498 30
