1764029333244 2.208499556238001 0
1764029350754 2.2043497454036367 1
1764029368425 2.199289235201749 2
1764029386858 2.19741092486815 3
1764029405708 2.1924782503734934 4
1764029413540 2.189374967054887 5
1764029432134 2.184933163902976 6
1764029450978 2.1822211850773203 7
1764029459342 2.1789737072857944 8
1764029467332 2.1746224598451094 9
1764029475670 2.1708756902001123 10
1764029483924 2.166413263841109 11
1764029504204 2.1622003967111763 12
1764029524590 2.159096213904294 13
1764029533117 2.156470997767015 14
1764029554261 2.1508402932773936 15
1764029575360 2.143127045848153 16
1764029598007 2.137157315557653 17
1764029618759 2.1356761292977766 18
1764029639374 2.1334136670286004 19
1764029659029 2.1261707002466377 20
1764029666452 2.1217560984871606 21
1764029684090 2.118497572161935 22
1764029692896 2.1037688201124016 23
1764029701754 2.0992287559942766 24
1764029709508 2.0955868580124597 25
1764029717520 2.0860568284988403 26
1764029725681 2.072918016802181 27
1764029725690 2.1217560984871606 28
