1764029333244 6.0344827586206895 0
1764029350754 9.195402298850574 1
1764029368425 12.78735632183908 2
1764029386858 15.229885057471265 3
1764029405708 16.666666666666668 4
1764029413540 15.804597701149426 5
1764029432134 16.810344827586206 6
1764029450978 17.385057471264368 7
1764029459342 16.522988505747126 8
1764029467332 15.660919540229886 9
1764029475670 18.24712643678161 10
1764029483924 17.67241379310345 11
1764029504204 19.396551724137932 12
1764029524590 20.977011494252874 13
1764029533117 21.264367816091955 14
1764029554261 20.54597701149425 15
1764029575360 22.126436781609197 16
1764029598007 25.43103448275862 17
1764029618759 22.557471264367816 18
1764029639374 23.275862068965516 19
1764029659029 28.017241379310345 20
1764029666452 26.436781609195403 21
1764029684090 29.597701149425287 22
1764029692896 32.18390804597701 23
1764029701754 28.591954022988507 24
1764029709508 30.17241379310345 25
1764029717520 30.603448275862068 26
1764029725681 30.89080459770115 27
1764029725690 26.436781609195403 28
