1764090938405 12.64367816091954 0
1764090953991 26.724137931034484 1
1764090961202 29.022988505747126 2
1764090977604 33.189655172413794 3
1764090997774 34.48275862068966 4
1764091005959 36.206896551724135 5
1764091025445 41.52298850574713 6
1764091043232 38.50574712643678 7
1764091059483 41.810344827586206 8
1764091075345 44.827586206896555 9
1764091082672 44.97126436781609 10
1764091089828 46.839080459770116 11
1764091097184 45.11494252873563 12
1764091113532 46.695402298850574 13
1764091129600 50.14367816091954 14
1764091136853 50.57471264367816 15
1764091153124 51.58045977011494 16
1764091169154 51.867816091954026 17
1764091185343 55.45977011494253 18
1764091201847 54.59770114942529 19
1764091209337 55.45977011494253 20
1764091225891 57.04022988505747 21
1764091233011 56.89655172413793 22
1764091240653 55.60344827586207 23
1764091248500 57.90229885057471 24
1764091255787 58.189655172413794 25
1764091263704 60.3448275862069 26
1764091263713 55.45977011494253 27
