1764090938405 2.1834775606791177 0
1764090953991 2.1343926986058555 1
1764090961202 2.089426318804423 2
1764090977604 2.0493555466334024 3
1764090997774 2.0021362702051797 4
1764091005959 1.9340287446975708 5
1764091025445 1.8683047691980998 6
1764091043232 1.8059286673863728 7
1764091059483 1.7401347955067952 8
1764091075345 1.6550809542338054 9
1764091082672 1.5839642484982808 10
1764091089828 1.51318355401357 11
1764091097184 1.4414198994636536 12
1764091113532 1.37318088610967 13
1764091129600 1.3452714880307515 14
1764091136853 1.2892866134643555 15
1764091153124 1.2370007832845051 16
1764091169154 1.2045437296231587 17
1764091185343 1.1642257968584697 18
1764091201847 1.1530983845392864 19
1764091209337 1.1399290959040325 20
1764091225891 1.1305578549702961 21
1764091233011 1.1342981259028118 22
1764091240653 1.1195008953412373 23
1764091248500 1.0966767768065135 24
1764091255787 1.0689475238323212 25
1764091263704 1.0099265078703563 26
1764091263713 1.1399290959040325 27
