1764032414652 9.626436781609195 0
1764032431478 12.64367816091954 1
1764032448454 10.919540229885058 2
1764032455737 13.362068965517242 3
1764032472492 12.78735632183908 4
1764032490926 13.793103448275861 5
1764032497652 13.793103448275861 6
1764032504343 15.948275862068966 7
1764032511758 16.235632183908045 8
1764032519191 16.522988505747126 9
1764032536042 16.95402298850575 10
1764032552221 18.39080459770115 11
1764032568600 18.39080459770115 12
1764032584856 20.402298850574713 13
1764032601432 22.701149425287355 14
1764032618761 26.724137931034484 15
1764032626092 24.2816091954023 16
1764032641945 25.28735632183908 17
1764032658847 27.298850574712645 18
1764032675524 27.011494252873565 19
1764032692417 25.862068965517242 20
1764032709150 28.591954022988507 21
1764032725846 29.310344827586206 22
1764032742545 30.89080459770115 23
1764032759764 30.316091954022987 24
1764032767296 29.74137931034483 25
1764032774217 31.03448275862069 26
1764032791392 31.896551724137932 27
1764032798662 32.61494252873563 28
1764032815367 31.32183908045977 29
1764032832488 30.89080459770115 30
1764032839258 32.327586206896555 31
1764032855803 34.05172413793103 32
1764032872983 33.764367816091955 33
1764032879983 33.9080459770115 34
1764032886963 33.764367816091955 35
1764032893930 33.189655172413794 36
1764032900742 33.62068965517241 37
1764032907754 34.339080459770116 38
1764032907765 34.05172413793103 39
