1764032414652 2.1975305513902144 0
1764032431478 2.188155174255371 1
1764032448454 2.182079380208796 2
1764032455737 2.1784946701743384 3
1764032472492 2.170869827270508 4
1764032490926 2.1671608794819224 5
1764032497652 2.1632168509743432 6
1764032504343 2.1614033092151987 7
1764032511758 2.1565429947592993 8
1764032519191 2.154868862845681 9
1764032536042 2.150323846123435 10
1764032552221 2.1460561102086846 11
1764032568600 2.1410589434883813 12
1764032584856 2.1396888386119497 13
1764032601432 2.139333898370916 14
1764032618761 2.1320589889179575 15
1764032626092 2.1334226564927534 16
1764032641945 2.1314394257285376 17
1764032658847 2.1257516904310747 18
1764032675524 2.1196705428036777 19
1764032692417 2.117242596366189 20
1764032709150 2.1155842651020396 21
1764032725846 2.1148244467648594 22
1764032742545 2.109137708490545 23
1764032759764 2.103674823587591 24
1764032767296 2.102574500170621 25
1764032774217 2.0961302627216685 26
1764032791392 2.092156865380027 27
1764032798662 2.090649431402033 28
1764032815367 2.090740203857422 29
1764032832488 2.0847643938931553 30
1764032839258 2.0799348571083764 31
1764032855803 2.074436382813887 32
1764032872983 2.069306503642689 33
1764032879983 2.069342179731889 34
1764032886963 2.0633677786046807 35
1764032893930 2.056735168803822 36
1764032900742 2.051563262939453 37
1764032907754 2.0496895096518775 38
1764032907765 2.074436382813887 39
