1764091720723 2.1981176408854397 0
1764091752862 2.1641601757569746 1
1764091774880 2.128200065005909 2
1764091805946 2.09855135733431 3
1764091837329 2.056696832180023 4
1764091867013 2.0254721533168447 5
1764091897011 1.979576194828207 6
1764091925739 1.9439052614298733 7
1764091956409 1.864646621725776 8
1764091970118 1.849521523172205 9
1764092001315 1.809734740040519 10
1764092032185 1.750612798062238 11
1764092045570 1.7387479028918527 12
1764092058419 1.6772590225393122 13
1764092071958 1.6543706547130237 14
1764092084406 1.591352492570877 15
1764092113714 1.5623629635030574 16
1764092142855 1.4997296793894335 17
1764092155262 1.4671333703127774 18
1764092183693 1.438636064529419 19
1764092196331 1.398853987455368 20
1764092209390 1.393767848610878 21
1764092223143 1.357987398451025 22
1764092236226 1.3322950371287086 23
1764092265873 1.3098624443466014 24
1764092277593 1.2835647450252012 25
1764092290594 1.2570910318331285 26
1764092319308 1.2181799425320192 27
1764092332180 1.190331282940778 28
1764092345302 1.214485834945332 29
1764092358209 1.168065836483782 30
1764092384607 1.1786971173503182 31
1764092396073 1.177335179664872 32
1764092408546 1.1390086507255381 33
1764092421227 1.1408436650579625 34
1764092434393 1.0966853242028842 35
1764092448311 1.1402007652954622 36
1764092448322 1.168065836483782 37
