1764091720723 10.488505747126437 0
1764091752862 15.373563218390805 1
1764091774880 23.419540229885058 2
1764091805946 24.56896551724138 3
1764091837329 29.885057471264368 4
1764091867013 32.04022988505747 5
1764091897011 31.17816091954023 6
1764091925739 34.195402298850574 7
1764091956409 38.07471264367816 8
1764091970118 35.05747126436781 9
1764092001315 36.49425287356322 10
1764092032185 38.64942528735632 11
1764092045570 41.95402298850575 12
1764092058419 42.81609195402299 13
1764092071958 41.810344827586206 14
1764092084406 40.660919540229884 15
1764092113714 41.810344827586206 16
1764092142855 47.55747126436781 17
1764092155262 46.55172413793103 18
1764092183693 45.97701149425287 19
1764092196331 47.98850574712644 20
1764092209390 47.8448275862069 21
1764092223143 48.5632183908046 22
1764092236226 51.293103448275865 23
1764092265873 50.57471264367816 24
1764092277593 51.867816091954026 25
1764092290594 51.14942528735632 26
1764092319308 54.310344827586206 27
1764092332180 55.02873563218391 28
1764092345302 53.304597701149426 29
1764092358209 55.45977011494253 30
1764092384607 56.17816091954023 31
1764092396073 55.89080459770115 32
1764092408546 56.32183908045977 33
1764092421227 56.752873563218394 34
1764092434393 59.195402298850574 35
1764092448311 55.31609195402299 36
1764092448322 55.45977011494253 37
