1764026868163 2.184996534477581 0
1764026894357 2.174490744417364 1
1764026920413 2.1630953441966665 2
1764026946837 2.1556836800141768 3
1764026976209 2.1427964622324165 4
1764027003009 2.1354273611849006 5
1764027027717 2.118912241675637 6
1764027037570 2.1126142171296207 7
1764027047940 2.1000560955567793 8
1764027057995 2.091295399449088 9
1764027067889 2.0810930728912354 10
1764027092714 2.0626181228594347 11
1764027117603 2.060165223750201 12
1764027141813 2.0341177501461725 13
1764027151698 2.026575668291612 14
1764027162156 2.0087421238422394 15
1764027172750 1.9764936512166804 16
1764027198857 1.9644146046855233 17
1764027225017 1.9415727230635556 18
1764027251067 1.916492692448876 19
1764027261288 1.8877594741907986 20
1764027272527 1.8702104660597714 21
1764027284390 1.8522633449597792 22
1764027313939 1.8341650718992406 23
1764027324811 1.7921002182093533 24
1764027336582 1.7851330773396925 25
1764027364517 1.7577533315528522 26
1764027375484 1.7232369021935896 27
1764027403783 1.6955991278995166 28
1764027415834 1.682215704159303 29
1764027427415 1.6642855378714474 30
1764027439038 1.6430587443438442 31
1764027450744 1.6360147189010272 32
1764027476689 1.6044223389842294 33
1764027487912 1.5851344412023372 34
1764027498101 1.5700260752981359 35
1764027524011 1.5644959861581975 36
1764027533895 1.5347426316954873 37
1764027543995 1.524745293638923 38
1764027552048 1.5041791065172716 39
1764027563289 1.5068254443732174 40
1764027573693 1.4683824127370662 41
1764027573713 1.5700260752981359 42
