1764026868163 11.925287356321839 0
1764026894357 13.362068965517242 1
1764026920413 17.385057471264368 2
1764026946837 23.132183908045977 3
1764026976209 23.132183908045977 4
1764027003009 25.7183908045977 5
1764027027717 25.7183908045977 6
1764027037570 27.298850574712645 7
1764027047940 31.17816091954023 8
1764027057995 29.022988505747126 9
1764027067889 32.47126436781609 10
1764027092714 34.195402298850574 11
1764027117603 32.327586206896555 12
1764027141813 33.189655172413794 13
1764027151698 33.62068965517241 14
1764027162156 36.92528735632184 15
1764027172750 38.2183908045977 16
1764027198857 38.2183908045977 17
1764027225017 37.21264367816092 18
1764027251067 37.93103448275862 19
1764027261288 40.94827586206897 20
1764027272527 37.93103448275862 21
1764027284390 38.9367816091954 22
1764027313939 37.93103448275862 23
1764027324811 41.235632183908045 24
1764027336582 40.804597701149426 25
1764027364517 38.64942528735632 26
1764027375484 40.804597701149426 27
1764027403783 40.37356321839081 28
1764027415834 42.38505747126437 29
1764027427415 42.95977011494253 30
1764027439038 42.241379310344826 31
1764027450744 41.235632183908045 32
1764027476689 43.96551724137931 33
1764027487912 43.53448275862069 34
1764027498101 43.82183908045977 35
1764027524011 44.54022988505747 36
1764027533895 44.10919540229885 37
1764027543995 44.827586206896555 38
1764027552048 47.55747126436781 39
1764027563289 43.82183908045977 40
1764027573693 47.12643678160919 41
1764027573713 43.82183908045977 42
