1764103529017 25.57471264367816 0
1764103556529 36.49425287356322 1
1764103591348 43.82183908045977 2
1764103615774 47.41379310344828 3
1764103653216 51.14942528735632 4
1764103685261 50.57471264367817 5
1764103696900 54.59770114942529 6
1764103731011 55.172413793103445 7
1764103764303 57.61494252873563 8
1764103797927 58.189655172413794 9
1764103830978 57.327586206896555 10
1764103864463 61.35057471264368 11
1764103897582 62.356321839080465 12
1764103914743 63.50574712643679 13
1764103930719 65.80459770114942 14
1764103967843 61.63793103448276 15
1764104007770 67.24137931034483 16
1764104024352 61.7816091954023 17
1764104063913 59.91379310344828 18
1764104079861 63.50574712643679 19
1764104094469 58.189655172413794 20
1764104111101 59.77011494252874 21
1764104128933 62.06896551724138 22
