1764103529017 2.0271396853707055 0
1764103556529 1.6650073826313019 1
1764103591348 1.4386846666986293 2
1764103615774 1.3266071636568417 3
1764103653216 1.2440950098362835 4
1764103685261 1.2687312120741063 5
1764103696900 1.2056360840797424 6
1764103731011 1.1899152614853599 7
1764103764303 1.1136919476769187 8
1764103797927 1.046613710847768 9
1764103830978 1.1071954491463574 10
1764103864463 1.0409805314107374 11
1764103897582 0.978234204378995 12
1764103914743 0.947410567917607 13
1764103930719 0.8860935900699008 14
1764103967843 0.9869035644964739 15
1764104007770 0.8814062144268643 16
1764104024352 0.9853644553910602 17
1764104063913 1.0843590714714744 18
1764104079861 1.0115718482570215 19
1764104094469 1.1335649219426243 20
1764104111101 1.0780729935927824 21
1764104128933 1.042698778889396 22
