1764032915602 2.1928250789642334 0
1764032932984 2.1910340785980225 1
1764032940111 2.1875915744087915 2
1764032956955 2.1850139011036265 3
1764032964141 2.1833236650987105 4
1764032970937 2.18156775561246 5
1764032978281 2.17826154015281 6
1764032984988 2.176483089273626 7
1764032991846 2.173549673774026 8
1764033010134 2.1718216375871138 9
1764033016931 2.170569506558505 10
1764033023889 2.1676490740342573 11
1764033041280 2.166932062669234 12
1764033048250 2.1638297601179644 13
1764033055189 2.160398093136874 14
1764033061916 2.1608816276897085 15
1764033069093 2.1573077115145596 16
1764033075892 2.1542397412386807 17
1764033092402 2.150013793598522 18
1764033099818 2.149328210137107 19
1764033106941 2.149936220862649 20
1764033114068 2.1457073255018755 21
1764033121630 2.140694509853016 22
1764033128967 2.1440854289314966 23
1764033128971 2.1542397412386807 24
