1764032915602 10.201149425287356 0
1764032932984 12.35632183908046 1
1764032940111 13.218390804597702 2
1764032956955 12.21264367816092 3
1764032964141 11.206896551724139 4
1764032970937 13.649425287356323 5
1764032978281 13.218390804597702 6
1764032984988 13.793103448275861 7
1764032991846 15.229885057471265 8
1764033010134 15.804597701149426 9
1764033016931 15.517241379310345 10
1764033023889 16.810344827586206 11
1764033041280 15.660919540229886 12
1764033048250 16.522988505747126 13
1764033055189 16.666666666666668 14
1764033061916 15.517241379310345 15
1764033069093 17.816091954022987 16
1764033075892 17.95977011494253 17
1764033092402 20.114942528735632 18
1764033099818 19.25287356321839 19
1764033106941 18.53448275862069 20
1764033114068 21.264367816091955 21
1764033121630 19.396551724137932 22
1764033128967 22.701149425287355 23
1764033128971 17.95977011494253 24
