1764027585899 11.063218390804598 0
1764027612262 16.95402298850575 1
1764027639303 20.25862068965517 2
1764027666327 23.132183908045977 3
1764027694472 29.310344827586206 4
1764027721299 28.591954022988507 5
1764027747351 28.735632183908045 6
1764027772849 37.06896551724138 7
1764027797667 35.201149425287355 8
1764027822323 38.07471264367816 9
1764027832261 38.793103448275865 10
1764027855999 39.798850574712645 11
1764027880753 40.37356321839081 12
1764027891122 40.37356321839081 13
1764027901155 39.367816091954026 14
1764027911299 41.666666666666664 15
1764027921385 41.0919540229885 16
1764027931090 41.95402298850575 17
1764027956184 42.672413793103445 18
1764027967203 44.827586206896555 19
1764027977202 43.53448275862069 20
1764028002575 42.672413793103445 21
1764028012632 43.39080459770115 22
1764028022295 43.39080459770115 23
1764028047720 45.689655172413794 24
1764028057676 44.827586206896555 25
1764028067459 45.258620689655174 26
1764028076983 45.258620689655174 27
1764028086857 46.12068965517241 28
1764028096719 46.4080459770115 29
1764028096728 43.39080459770115 30
