1764027585899 2.201725119894201 0
1764027612262 2.180449138988148 1
1764027639303 2.1642535599795254 2
1764027666327 2.1494317650794983 3
1764027694472 2.133445533839139 4
1764027721299 2.1163509542291816 5
1764027747351 2.0993470657955515 6
1764027772849 2.0772777904163706 7
1764027797667 2.054650138724934 8
1764027822323 2.030763726342808 9
1764027832261 1.9964788041331551 10
1764027855999 1.9680431918664412 11
1764027880753 1.9356048784472726 12
1764027891122 1.8913805891167035 13
1764027901155 1.8573795421556993 14
1764027911299 1.8160597492348065 15
1764027921385 1.76330104470253 16
1764027931090 1.7244370579719543 17
1764027956184 1.7017254368825392 18
1764027967203 1.6640550629659132 19
1764027977202 1.626143832098354 20
1764028002575 1.611265261064876 21
1764028012632 1.575768232345581 22
1764028022295 1.5490667901255868 23
1764028047720 1.5291073186831041 24
1764028057676 1.5000185885212638 25
1764028067459 1.4921364730054683 26
1764028076983 1.469758003950119 27
1764028086857 1.4523402777585117 28
1764028096719 1.4503807913173328 29
1764028096728 1.5490667901255868 30
