1764033135969 2.1759583950042725 0
1764033154137 2.1221379366788 1
1764033171591 2.0573868968270044 2
1764033188337 1.986866452477195 3
1764033205617 1.9026892401955344 4
1764033212905 1.8240369016473943 5
1764033220130 1.754272840239785 6
1764033236640 1.6648666100068525 7
1764033244555 1.6054163304242222 8
1764033260873 1.559867186979814 9
1764033267823 1.5225529995831577 10
1764033283747 1.4768718914552168 11
1764033300720 1.4085139144550671 12
1764033307503 1.3901428309353916 13
1764033324256 1.340725150975314 14
1764033340479 1.3135404911908237 15
1764033347161 1.2812502817674116 16
1764033364239 1.2281338951804421 17
1764033372593 1.2298643805763938 18
1764033381305 1.1920847567644985 19
1764033408565 1.1861991882324219 20
1764033421239 1.1576001969250767 21
1764033451567 1.1045598658648403 22
1764033461952 1.135707432573492 23
1764033472323 1.1005093238570474 24
1764033482888 1.0923355492678555 25
1764033493878 1.085009211843664 26
1764033504651 1.066571994261308 27
1764033533830 1.0261321230368181 28
1764033544267 1.038047189062292 29
1764033555109 1.0252357883886858 30
1764033585254 1.0208455703475259 31
1764033595981 1.0186007293787869 32
1764033605957 1.0013262737881055 33
1764033613790 0.9778317267244513 34
