1764033135969 11.350574712643677 0
1764033154137 28.448275862068964 1
1764033171591 38.2183908045977 2
1764033188337 38.64942528735632 3
1764033205617 39.6551724137931 4
1764033212905 40.229885057471265 5
1764033220130 42.672413793103445 6
1764033236640 44.54022988505747 7
1764033244555 44.252873563218394 8
1764033260873 45.689655172413794 9
1764033267823 47.270114942528735 10
1764033283747 47.55747126436781 11
1764033300720 51.293103448275865 12
1764033307503 51.293103448275865 13
1764033324256 53.44827586206897 14
1764033340479 54.166666666666664 15
1764033347161 58.764367816091955 16
1764033364239 58.9080459770115 17
1764033372593 56.60919540229885 18
1764033381305 57.758620689655174 19
1764033408565 58.764367816091955 20
1764033421239 58.47701149425287 21
1764033451567 60.201149425287355 22
1764033461952 61.206896551724135 23
1764033472323 59.91379310344828 24
1764033482888 60.775862068965516 25
1764033493878 60.91954022988506 26
1764033504651 62.06896551724138 27
1764033533830 64.51149425287356 28
1764033544267 62.78735632183908 29
1764033555109 63.36206896551724 30
1764033585254 63.36206896551724 31
1764033595981 63.64942528735632 32
1764033605957 64.79885057471265 33
1764033613790 64.79885057471265 34
