1764031194133 14.367816091954023 0
1764031214780 24.71264367816092 1
1764031220741 30.603448275862068 2
1764031234971 35.48850574712644 3
1764031249159 33.764367816091955 4
1764031254954 37.35632183908046 5
1764031269042 33.62068965517241 6
1764031274789 38.793103448275865 7
1764031280724 38.9367816091954 8
1764031286759 36.92528735632184 9
1764031301176 40.804597701149426 10
1764031307276 42.52873563218391 11
1764031313589 42.38505747126437 12
1764031328356 41.666666666666664 13
1764031334294 42.52873563218391 14
1764031341223 44.97126436781609 15
1764031348308 44.39655172413793 16
1764031364285 46.839080459770116 17
1764031371060 47.41379310344828 18
1764031387526 47.701149425287355 19
1764031395291 48.85057471264368 20
1764031402708 45.689655172413794 21
1764031419256 49.42528735632184 22
1764031425059 50.86206896551724 23
1764031430956 49.2816091954023 24
1764031436857 46.12068965517241 25
1764031442734 51.293103448275865 26
1764031457281 51.293103448275865 27
1764031463233 52.298850574712645 28
1764031469200 53.160919540229884 29
1764031474820 53.735632183908045 30
1764031480632 54.45402298850575 31
1764031486149 58.04597701149425 32
1764031486158 51.293103448275865 33
