1764031194133 2.1710230870680376 0
1764031214780 2.1240535215897993 1
1764031220741 2.0726764635606245 2
1764031234971 2.0070244507356123 3
1764031249159 1.9404014890844172 4
1764031254954 1.8503563078967007 5
1764031269042 1.8082166043194858 6
1764031274789 1.7081978862935847 7
1764031280724 1.6554521213878284 8
1764031286759 1.6549517458135432 9
1764031301176 1.58452185717496 10
1764031307276 1.5425615852529353 11
1764031313589 1.5043209249323064 12
1764031328356 1.469221754507585 13
1764031334294 1.4628337621688843 14
1764031341223 1.4413165937770496 15
1764031348308 1.4536261666904797 16
1764031364285 1.375303246758201 17
1764031371060 1.3590859824960881 18
1764031387526 1.3506295572627673 19
1764031395291 1.3177827596664429 20
1764031402708 1.357001629742709 21
1764031419256 1.2564753727479414 22
1764031425059 1.2695937915281816 23
1764031430956 1.260407101024281 24
1764031436857 1.2936165549538352 25
1764031442734 1.2163206663998691 26
1764031457281 1.2257581244815479 27
1764031463233 1.1997976411472668 28
1764031469200 1.185254525054585 29
1764031474820 1.1729938712987034 30
1764031480632 1.1429165276614102 31
1764031486149 1.1273310726339167 32
1764031486158 1.2163206663998691 33
