1764030150428 2.203129215673967 0
1764030169471 2.1999533772468567 1
1764030177438 2.1997814015908674 2
1764030197061 2.1962018554860894 3
1764030215813 2.1937755942344666 4
1764030241562 2.19018633257259 5
1764030251289 2.18915456533432 6
1764030260589 2.1874059601263567 7
1764030286902 2.184085797179829 8
1764030313958 2.1823301911354065 9
1764030342553 2.182953628626737 10
1764030371834 2.179771678014235 11
1764030384415 2.1766543225808577 12
1764030396683 2.174169220707633 13
1764030408572 2.177018577402288 14
1764030421120 2.1723497076468035 15
1764030432721 2.172720096328042 16
1764030432737 2.182953628626737 17
