1764030150428 12.5 0
1764030169471 11.494252873563218 1
1764030177438 12.78735632183908 2
1764030197061 12.35632183908046 3
1764030215813 12.5 4
1764030241562 14.080459770114942 5
1764030251289 14.080459770114942 6
1764030260589 14.080459770114942 7
1764030286902 13.505747126436782 8
1764030313958 15.804597701149426 9
1764030342553 14.367816091954023 10
1764030371834 14.655172413793103 11
1764030384415 17.24137931034483 12
1764030396683 16.379310344827587 13
1764030408572 13.218390804597702 14
1764030421120 16.810344827586206 15
1764030432721 16.379310344827587 16
1764030432737 14.367816091954023 17
