1764029735345 25.57471264367816 0
1764029758172 36.206896551724135 1
1764029778556 42.241379310344826 2
1764029787921 45.258620689655174 3
1764029809656 50.43103448275862 4
1764029833656 50.86206896551724 5
1764029859742 51.58045977011494 6
1764029890097 54.59770114942529 7
1764029901693 55.89080459770115 8
1764029932854 57.61494252873563 9
1764029963766 57.758620689655174 10
1764029975264 60.201149425287355 11
1764030003059 59.770114942528735 12
1764030014888 61.0632183908046 13
1764030025105 62.5 14
1764030035625 65.51724137931035 15
1764030045748 61.0632183908046 16
1764030066050 65.08620689655173 17
1764030074803 66.23563218390805 18
1764030098272 65.66091954022988 19
1764030107688 66.95402298850574 20
1764030116345 66.52298850574712 21
1764030125079 67.67241379310344 22
1764030133280 69.39655172413794 23
1764030141553 69.10919540229885 24
1764030141555 66.23563218390805 25
