1764029735345 2.119616538286209 0
1764029758172 1.888647504828193 1
1764029778556 1.6973882696845315 2
1764029787921 1.5401539396155963 3
1764029809656 1.4050573327324607 4
1764029833656 1.348954047669064 5
1764029859742 1.2713574536822059 6
1764029890097 1.2381020039319992 7
1764029901693 1.1952796862884 8
1764029932854 1.1393082168969242 9
1764029963766 1.1189752234653993 10
1764029975264 1.0757156894965605 11
1764030003059 1.0693351369012485 12
1764030014888 1.0454173277724872 13
1764030025105 1.0258527222004803 14
1764030035625 0.9772558537396517 15
1764030045748 0.9808449392968958 16
1764030066050 0.9445834308862686 17
1764030074803 0.9216455451466821 18
1764030098272 0.9138211851770227 19
1764030107688 0.909550509669564 20
1764030116345 0.8928969163786281 21
1764030125079 0.8842280181971464 22
1764030133280 0.8504289578307759 23
1764030141553 0.8515830832448873 24
1764030141555 0.9216455451466821 25
