1764025389560 2.1692487651651557 0
1764025417787 2.0769541426138445 1
1764025444724 1.9017133523117413 2
1764025472828 1.7246239131147212 3
1764025479263 1.5997298007661647 4
1764025494611 1.5167223648591475 5
1764025510028 1.448295604098927 6
1764025516285 1.3539263362234288 7
1764025522767 1.3063184388659217 8
1764025538499 1.2828925509344449 9
1764025554340 1.2192154364152388 10
1764025561473 1.1922906610098751 11
1764025568263 1.1356804465705699 12
1764025584314 1.1074568832462484 13
1764025601134 1.0741478584029458 14
1764025608445 1.001637195998972 15
1764025615548 0.9872655827890743 16
1764025622850 0.9873622039502318 17
1764025630162 0.9350047707557678 18
1764025646890 0.9281294698064978 19
1764025654412 0.8733425018462267 20
1764025661678 0.8497212298891761 21
1764025669228 0.843011511997743 22
1764025684030 0.8249986530704931 23
1764025690313 0.8056038631634279 24
1764025696696 0.8133571777831424 25
1764025703061 0.7775139131329276 26
1764025721463 0.7592368051409721 27
1764025741894 0.7171751477501609 28
1764025749224 0.7244837548245083 29
1764025756079 0.6898404055021026 30
1764025762601 0.7000126418742266 31
1764025768733 0.6943747882138599 32
1764025775060 0.6685771376571872 33
1764025788983 0.6549392647363923 34
1764025795262 0.6426175189289179 35
1764025801627 0.6013352647423744 36
1764025808229 0.5997337553311478 37
1764025814751 0.6142928153276443 38
1764025828497 0.5976454161784865 39
1764025834793 0.5975380736318502 40
1764025841165 0.5683470703661442 41
1764025855227 0.5582986765287139 42
1764025861528 0.5361890593035654 43
1764025868207 0.5174083259295333 44
1764025874679 0.5254320409148932 45
1764025881509 0.520338794385845 46
1764025888544 0.5036326805976304 47
1764025888547 0.5683470703661442 48
