1764025389560 18.67816091954023 0
1764025417787 26.867816091954023 1
1764025444724 33.62068965517241 2
1764025472828 36.49425287356322 3
1764025479263 39.94252873563219 4
1764025494611 40.804597701149426 5
1764025510028 44.10919540229885 6
1764025516285 47.41379310344828 7
1764025522767 48.132183908045974 8
1764025538499 47.12643678160919 9
1764025554340 52.44252873563219 10
1764025561473 51.00574712643678 11
1764025568263 55.31609195402299 12
1764025584314 55.89080459770115 13
1764025601134 59.91379310344828 14
1764025608445 61.7816091954023 15
1764025615548 60.91954022988506 16
1764025622850 62.06896551724138 17
1764025630162 63.64942528735632 18
1764025646890 63.36206896551724 19
1764025654412 65.51724137931035 20
1764025661678 69.54022988505747 21
1764025669228 67.09770114942529 22
1764025684030 68.10344827586206 23
1764025690313 67.38505747126437 24
1764025696696 68.53448275862068 25
1764025703061 71.4080459770115 26
1764025721463 70.40229885057471 27
1764025741894 72.1264367816092 28
1764025749224 72.27011494252874 29
1764025756079 73.41954022988506 30
1764025762601 72.55747126436782 31
1764025768733 73.99425287356321 32
1764025775060 75.43103448275862 33
1764025788983 73.70689655172414 34
1764025795262 76.72413793103448 35
1764025801627 76.86781609195403 36
1764025808229 77.15517241379311 37
1764025814751 77.44252873563218 38
1764025828497 77.29885057471265 39
1764025834793 77.44252873563218 40
1764025841165 77.29885057471265 41
1764025855227 78.73563218390805 42
1764025861528 79.74137931034483 43
1764025868207 80.60344827586206 44
1764025874679 80.74712643678161 45
1764025881509 81.17816091954023 46
1764025888544 79.88505747126437 47
1764025888547 77.29885057471265 48
