1764031492617 12.21264367816092 0
1764031507101 12.5 1
1764031521384 16.235632183908045 2
1764031535516 21.408045977011493 3
1764031549485 22.557471264367816 4
1764031563350 26.149425287356323 5
1764031577767 28.160919540229884 6
1764031592155 34.48275862068966 7
1764031606182 34.195402298850574 8
1764031620963 35.201149425287355 9
1764031626584 37.06896551724138 10
1764031632550 36.206896551724135 11
1764031638208 35.632183908045974 12
1764031652842 36.92528735632184 13
1764031660134 36.7816091954023 14
1764031667050 34.91379310344828 15
1764031683368 35.91954022988506 16
1764031690320 37.35632183908046 17
1764031697256 37.93103448275862 18
1764031704451 37.06896551724138 19
1764031721323 35.201149425287355 20
1764031737637 40.804597701149426 21
1764031744628 39.224137931034484 22
1764031751394 41.235632183908045 23
1764031758348 39.367816091954026 24
1764031765288 40.229885057471265 25
1764031772067 39.94252873563219 26
1764031772071 35.201149425287355 27
