1764031492617 2.1866686127402564 0
1764031507101 2.169561039317738 1
1764031521384 2.152990839698098 2
1764031535516 2.135093017057939 3
1764031549485 2.117868358438665 4
1764031563350 2.085132122039795 5
1764031577767 2.0594232082366943 6
1764031592155 2.025091117078608 7
1764031606182 1.9929186322472312 8
1764031620963 1.9342229908162898 9
1764031626584 1.877758264541626 10
1764031632550 1.8440900715914639 11
1764031638208 1.7957945628599687 12
1764031652842 1.7726846499876543 13
1764031660134 1.732318260452964 14
1764031667050 1.7537619308991865 15
1764031683368 1.706203742460771 16
1764031690320 1.6622607599605213 17
1764031697256 1.6623622937635942 18
1764031704451 1.6532830541784114 19
1764031721323 1.6733105291019787 20
1764031737637 1.5742355910214512 21
1764031744628 1.5850011110305786 22
1764031751394 1.5635126287286931 23
1764031758348 1.5927180376919834 24
1764031765288 1.5390314730730923 25
1764031772067 1.5462027246301824 26
1764031772071 1.6733105291019787 27
